%YAML:1.0
---
img_w: 848
img_h: 800
K1: !!opencv-matrix
   rows: 3
   cols: 3
   dt: d
   data: [286.196294857407, 0., 427.0280553682057, 
          0., 285.69522034375507, 385.59532752787186, 
          0., 0., 1.]
K2: !!opencv-matrix
   rows: 3
   cols: 3
   dt: d
   data: [287.04439149985, 0., 428.27895858775696, 
          0., 286.42519948956345, 398.0990799096709, 
          0., 0., 1.]
D1: !!opencv-matrix
   rows: 1
   cols: 4
   dt: d
   data: [ 0.010368572231598247, 0.006854406985676665, -0.011934461248258808, -0.0006652729551151821 ]
D2: !!opencv-matrix
   rows: 1
   cols: 4
   dt: d
   data: [ -0.0060379254578928525, 0.047547900798646056, -0.04739448152572643, 0.009735669957707015 ]
R: !!opencv-matrix
   rows: 3
   cols: 3
   dt: d
   data: [0.9999915218248502, -0.0023193622763987066, -0.0034024751354170516, 
          0.00230503363924067, 0.999988484941289, -0.0042091334908216085, 
          0.003412198461151049, 0.004201254985406837, 0.9999853530718364]
T: [-0.06360918496694491, -0.0012407983766202222, -0.000609637685332673]
